% set_tag_sensors.m

tag.C1=[194 198;...
        999 1000;...
        1060 1063.13;...
        1938.33 1941.4;...
        2255 2256;...
        2697 2749.25;...
        3067.61 3068;...
        3104.95 3105;...
        3389.4 3394;...
        3408 4615];
tag.C2=[1 4300.15;...
        4315.93 4316;...
        4612.6 4615];
tag.T1=[194 200.72;...
        402.57 408;...
        417 420.45;...
        591.12 593;...
        605 608.4;...
        664.1 666.5;...
        848 851.6;...
        999 1000;...
        1913.1 1914;...
        2255 2256;...
        3067.61 3068;...
        3104.95 3105;...
        3466 3467;...
        3474.4 3474.56;...
        3776.99 3776.995;...
        4293.8 4294;...
        4315.93 4316;...
        4613.6 4615];
tag.SB=[930 930.3;...
        2702.1 2702.3;...
        4613.6 4615];
        