function cmp = anglemap;
% 
% 

%	
%
% Consists of 8 block colors for use with angles
% (e.g. a direction of flow plot)
% 



X=[         0         0         0
    0.0218    0.0218    0.0625
    0.0436    0.0436    0.1250
    0.0654    0.0654    0.1875
    0.0873    0.0873    0.2500
    0.1091    0.1091    0.3125
    0.1309    0.1309    0.3750
    0.1527    0.1527    0.4375
    0.1745    0.1745    0.5000
    0.1963    0.1963    0.5625
    0.2181    0.2181    0.6250
    0.2400    0.2400    0.6875
    0.2618    0.2618    0.7500
    0.2836    0.2836    0.8125
    0.3054    0.3054    0.8750
    0.3272    0.3272    0.9375
    0.3490    0.3490    1.0000
    0.3897    0.3897    0.9375
    0.4304    0.4304    0.8750
    0.4711    0.4711    0.8125
    0.5118    0.5118    0.7500
    0.5525    0.5525    0.6875
    0.5931    0.5931    0.6250
    0.6338    0.6338    0.5625
    0.6745    0.6745    0.5000
    0.7152    0.7152    0.4375
    0.7559    0.7559    0.3750
    0.7966    0.7966    0.3125
    0.8373    0.8373    0.2500
    0.8779    0.8779    0.1875
    0.9186    0.9186    0.1250
    0.9593    0.9593    0.0625
    1.0000    1.0000         0
    1.0000    0.9375         0
    1.0000    0.8750         0
    1.0000    0.8125         0
    1.0000    0.7500         0
    1.0000    0.6875         0
    1.0000    0.6250         0
    1.0000    0.5625         0
    1.0000    0.5000         0
    1.0000    0.4375         0
    1.0000    0.3750         0
    1.0000    0.3125         0
    1.0000    0.2500         0
    1.0000    0.1875         0
    1.0000    0.1250         0
    1.0000    0.0625         0
    1.0000         0         0
    0.9333         0         0
    0.8667         0         0
    0.8000         0         0
    0.7333         0         0
    0.6667         0         0
    0.6000         0         0
    0.5333         0         0
    0.4667         0         0
    0.4000         0         0
    0.3333         0         0
    0.2667         0         0
    0.2000         0         0
    0.1333         0         0
    0.0667         0         0
         0         0         0] ;


cmp = X;


