function cmp=bluered2


cmp=[      
                   0                   0   1.000000000000000
   0.028535980731249   0.028535980731249   1.000000000000000
   0.057071961462498   0.057071961462498   1.000000000000000
   0.085607938468456   0.085607938468456   1.000000000000000
   0.114143922924995   0.114143922924995   1.000000000000000
   0.142679899930954   0.142679899930954   1.000000000000000
   0.171215876936913   0.171215876936913   1.000000000000000
   0.199751868844032   0.199751868844032   1.000000000000000
   0.228287845849991   0.228287845849991   1.000000000000000
   0.256823837757111   0.256823837757111   1.000000000000000
   0.285359799861908   0.285359799861908   1.000000000000000
   0.313895791769028   0.313895791769028   1.000000000000000
   0.342431753873825   0.342431753873825   1.000000000000000
   0.370967745780945   0.370967745780945   1.000000000000000
   0.399503737688065   0.399503737688065   1.000000000000000
   0.428039699792862   0.428039699792862   1.000000000000000
   0.456575691699982   0.456575691699982   1.000000000000000
   0.485111653804779   0.485111653804779   1.000000000000000
   0.513647675514221   0.513647675514221   1.000000000000000
   0.542183637619019   0.542183637619019   1.000000000000000
   0.570719599723816   0.570719599723816   1.000000000000000
   0.599255561828613   0.599255561828613   1.000000000000000
   0.627791583538055   0.627791583538055   1.000000000000000
   0.656327545642853   0.656327545642853   1.000000000000000
   0.684863507747650   0.684863507747650   1.000000000000000
   0.713399529457092   0.713399529457092   1.000000000000000
   0.741935491561890   0.741935491561890   1.000000000000000
   0.780645132064819   0.780645132064819   1.000000000000000
   0.819354832172394   0.819354832172394   1.000000000000000
   0.858064532279968   0.858064532279968   1.000000000000000
   0.896774172782898   0.896774172782898   1.000000000000000
   0.950000000000000   0.950000000000000   1.000000000000000
   1.000000000000000   1.000000000000000   1.000000000000000
   1.000000000000000   0.950000000000000   0.950000000000000
   1.000000000000000   0.922580659389496   0.922580659389496
   1.000000000000000   0.893548369407654   0.893548369407654
   1.000000000000000   0.864516139030457   0.864516139030457
   1.000000000000000   0.835483908653259   0.835483908653259
   1.000000000000000   0.806451618671417   0.806451618671417
   1.000000000000000   0.775434255599976   0.775434255599976
   1.000000000000000   0.744416892528534   0.744416892528534
   1.000000000000000   0.713399529457092   0.713399529457092
   1.000000000000000   0.682382166385651   0.682382166385651
   1.000000000000000   0.651364743709564   0.651364743709564
   1.000000000000000   0.620347380638123   0.620347380638123
   1.000000000000000   0.589330017566681   0.589330017566681
   1.000000000000000   0.558312654495239   0.558312654495239
   1.000000000000000   0.527295291423798   0.527295291423798
   1.000000000000000   0.496277928352356   0.496277928352356
   1.000000000000000   0.465260535478592   0.465260535478592
   1.000000000000000   0.434243172407150   0.434243172407150
   1.000000000000000   0.403225809335709   0.403225809335709
   1.000000000000000   0.372208446264267   0.372208446264267
   1.000000000000000   0.341191083192825   0.341191083192825
   1.000000000000000   0.310173690319061   0.310173690319061
   1.000000000000000   0.279156327247620   0.279156327247620
   1.000000000000000   0.248138964176178   0.248138964176178
   1.000000000000000   0.217121586203575   0.217121586203575
   1.000000000000000   0.186104223132133   0.186104223132133
   1.000000000000000   0.155086845159531   0.155086845159531
   1.000000000000000   0.124069482088089   0.124069482088089
   1.000000000000000   0.093052111566067   0.093052111566067
   1.000000000000000   0.062034741044044   0.062034741044044
   1.000000000000000   0.031017370522022   0.031017370522022
   1.000000000000000                   0                   0 ];
