function cmp=bluered3
% emphasises blue compared to red

cmp=[      
                   0                   0   1.000000000000000
   0.019607843831182   0.019607843831182   1.000000000000000
   0.035294119268656   0.035294119268656   1.000000000000000
   0.054901961237192   0.054901961237192   1.000000000000000
   0.070588238537312   0.070588238537312   1.000000000000000
   0.090196080505848   0.090196080505848   1.000000000000000
   0.109803922474384   0.109803922474384   1.000000000000000
   0.125490203499794   0.125490203499794   1.000000000000000
   0.145098045468330   0.145098045468330   1.000000000000000
   0.164705887436867   0.164705887436867   1.000000000000000
   0.180392161011696   0.180392161011696   1.000000000000000
   0.200000002980232   0.200000002980232   1.000000000000000
   0.219607844948769   0.219607844948769   1.000000000000000
   0.235294118523598   0.235294118523598   1.000000000000000
   0.254901975393295   0.254901975393295   1.000000000000000
   0.270588248968124   0.270588248968124   1.000000000000000
   0.290196090936661   0.290196090936661   1.000000000000000
   0.321568638086319   0.321568638086319   1.000000000000000
   0.352941185235977   0.352941185235977   1.000000000000000
   0.384313732385635   0.384313732385635   1.000000000000000
   0.415686279535294   0.415686279535294   1.000000000000000
   0.447058826684952   0.447058826684952   1.000000000000000
   0.478431373834610   0.478431373834610   1.000000000000000
   0.509803950786591   0.509803950786591   1.000000000000000
   0.537254929542542   0.537254929542542   1.000000000000000
   0.568627476692200   0.568627476692200   1.000000000000000
   0.596078455448151   0.596078455448151   1.000000000000000
   0.635294139385223   0.635294139385223   1.000000000000000
   0.678431391716003   0.678431391716003   1.000000000000000
   0.717647075653076   0.717647075653076   1.000000000000000
   0.756862759590149   0.756862759590149   1.000000000000000
   0.830000000000000   0.830000000000000   1.000000000000000
   1.000000000000000   1.000000000000000   1.000000000000000
   1.000000000000000   0.980000000000000   0.980000000000000
   1.000000000000000   0.968627452850342   0.968627452850342
   1.000000000000000   0.933333337306976   0.933333337306976
   1.000000000000000   0.901960790157318   0.901960790157318
   1.000000000000000   0.878431379795074   0.878431379795074
   1.000000000000000   0.854901969432831   0.854901969432831
   1.000000000000000   0.831372559070587   0.831372559070587
   1.000000000000000   0.807843148708344   0.807843148708344
   1.000000000000000   0.784313738346100   0.784313738346100
   1.000000000000000   0.760784327983856   0.760784327983856
   1.000000000000000   0.737254917621613   0.737254917621613
   1.000000000000000   0.713725507259369   0.713725507259369
   1.000000000000000   0.694117665290833   0.694117665290833
   1.000000000000000   0.670588254928589   0.670588254928589
   1.000000000000000   0.647058844566345   0.647058844566345
   1.000000000000000   0.623529434204102   0.623529434204102
   1.000000000000000   0.600000023841858   0.600000023841858
   1.000000000000000   0.576470613479614   0.576470613479614
   1.000000000000000   0.552941203117371   0.552941203117371
   1.000000000000000   0.529411792755127   0.529411792755127
   1.000000000000000   0.505882382392883   0.505882382392883
   1.000000000000000   0.482352942228317   0.482352942228317
   1.000000000000000   0.447058826684952   0.447058826684952
   1.000000000000000   0.407843142747879   0.407843142747879
   1.000000000000000   0.372549027204514   0.372549027204514
   1.000000000000000   0.337254911661148   0.337254911661148
   1.000000000000000   0.301960796117783   0.301960796117783
   1.000000000000000   0.266666680574417   0.266666680574417
   1.000000000000000   0.227450981736183   0.227450981736183
   1.000000000000000   0.192156866192818   0.192156866192818
   1.000000000000000   0.145098045468330   0.145098045468330
   1.000000000000000                   0                   0 ];
