function cmp=bone2


cmp=[      
   0.941176474094391   0.941176474094391   0.941176474094391
   0.923151552677155   0.930964052677155   0.930964052677155
   0.905126631259918   0.920751631259918   0.920751631259918
   0.887101709842682   0.910539209842682   0.910539209842682
   0.869076788425446   0.900326788425446   0.900326788425446
   0.851051867008209   0.890114367008209   0.890114367008209
   0.833026945590973   0.879901945590973   0.879901945590973
   0.815002024173737   0.869689524173737   0.869689524173737
   0.796977162361145   0.859477162361145   0.859477162361145
   0.778952240943909   0.849264740943909   0.849264740943909
   0.760927319526672   0.839052319526672   0.839052319526672
   0.742902398109436   0.828839898109436   0.828839898109436
   0.724877476692200   0.818627476692200   0.818627476692200
   0.706852555274963   0.808415055274963   0.808415055274963
   0.688827633857727   0.798202633857727   0.798202633857727
   0.670802712440491   0.787990212440491   0.787990212440491
   0.652777791023254   0.777777791023254   0.777777791023254
   0.638888895511627   0.758680582046509   0.763888895511627
   0.625000000000000   0.739583313465118   0.750000000000000
   0.611111104488373   0.720486104488373   0.736111104488373
   0.597222208976746   0.701388895511627   0.722222208976746
   0.583333313465118   0.682291686534882   0.708333313465118
   0.569444417953491   0.663194417953491   0.694444417953491
   0.555555582046509   0.644097208976746   0.680555582046509
   0.541666686534882   0.625000000000000   0.666666686534882
   0.527777791023254   0.605902791023254   0.652777791023254
   0.513888895511627   0.586805582046509   0.638888895511627
   0.500000000000000   0.567708313465118   0.625000000000000
   0.486111104488373   0.548611104488373   0.611111104488373
   0.472222208976746   0.529513895511627   0.597222208976746
   0.458333343267441   0.510416686534882   0.583333313465118
   0.444444447755814   0.491319447755814   0.569444417953491
   0.430555552244186   0.472222208976746   0.555555582046509
   0.416666656732559   0.453125000000000   0.541666686534882
   0.402777791023254   0.434027791023254   0.527777791023254
   0.388888895511627   0.414930552244186   0.513888895511627
   0.375000000000000   0.395833343267441   0.500000000000000
   0.361111104488373   0.376736104488373   0.486111104488373
   0.347222208976746   0.357638895511627   0.472222208976746
   0.333333343267441   0.338541656732559   0.458333343267441
   0.319444447755814   0.319444447755814   0.444444447755814
   0.305555552244186   0.305555552244186   0.425347208976746
   0.291666656732559   0.291666656732559   0.406250000000000
   0.277777791023254   0.277777791023254   0.387152791023254
   0.263888895511627   0.263888895511627   0.368055552244186
   0.250000000000000   0.250000000000000   0.348958343267441
   0.236111104488373   0.236111104488373   0.329861104488373
   0.222222223877907   0.222222223877907   0.310763895511627
   0.208333328366280   0.208333328366280   0.291666656732559
   0.194444447755814   0.194444447755814   0.272569447755814
   0.180555552244186   0.180555552244186   0.253472208976746
   0.166666671633720   0.166666671633720   0.234375000000000
   0.152777776122093   0.152777776122093   0.215277776122093
   0.138888895511627   0.138888895511627   0.196180552244186
   0.125000000000000   0.125000000000000   0.177083328366280
   0.111111111938953   0.111111111938953   0.157986104488373
   0.097222223877907   0.097222223877907   0.138888895511627
   0.083333335816860   0.083333335816860   0.119791664183140
   0.069444447755814   0.069444447755814   0.100694447755814
   0.055555555969477   0.055555555969477   0.081597223877907
   0.041666667908430   0.041666667908430   0.062500000000000
   0.027777777984738   0.027777777984738   0.043402776122093
   0.013888888992369   0.013888888992369   0.024305555969477
                   0                   0   0.005208333488554 ];
