function cmp=greybrown
% cmp = land(vargin);
% 
%
% Useful for perturbations around zero
% Designed by A. Kelbert, 2007
% COLOR_MODEL = RGB

cmp=[      
    0.2745    0.2745    0.2745
    0.2979    0.2979    0.2979
    0.3213    0.3213    0.3213
    0.3447    0.3447    0.3447
    0.3681    0.3681    0.3681
    0.3915    0.3915    0.3915
    0.4149    0.4149    0.4149
    0.4383    0.4383    0.4383
    0.4617    0.4617    0.4617
    0.4851    0.4851    0.4851
    0.5085    0.5085    0.5085
    0.5319    0.5319    0.5319
    0.5553    0.5553    0.5553
    0.5787    0.5787    0.5787
    0.6022    0.6022    0.6022
    0.6256    0.6256    0.6256
    0.6490    0.6490    0.6490
    0.6724    0.6724    0.6724
    0.6958    0.6958    0.6958
    0.7192    0.7192    0.7192
    0.7426    0.7426    0.7426
    0.7660    0.7660    0.7660
    0.7894    0.7894    0.7894
    0.8128    0.8128    0.8128
    0.8362    0.8362    0.8362
    0.8596    0.8596    0.8596
    0.8830    0.8830    0.8830
    0.9064    0.9064    0.9064
    0.9298    0.9298    0.9298
    0.9532    0.9532    0.9532
    0.9766    0.9766    0.9766
    1.0000    1.0000    1.0000
    1.0000    1.0000    1.0000
    0.9758    0.9677    0.9677
    0.9517    0.9355    0.9355
    0.9275    0.9032    0.9032
    0.9034    0.8710    0.8710
    0.8792    0.8387    0.8387
    0.8550    0.8065    0.8065
    0.8309    0.7742    0.7742
    0.8067    0.7419    0.7419
    0.7825    0.7097    0.7097
    0.7584    0.6774    0.6774
    0.7342    0.6452    0.6452
    0.7101    0.6129    0.6129
    0.6859    0.5806    0.5806
    0.6617    0.5484    0.5484
    0.6376    0.5161    0.5161
    0.6134    0.4839    0.4839
    0.5892    0.4516    0.4516
    0.5651    0.4194    0.4194
    0.5409    0.3871    0.3871
    0.5168    0.3548    0.3548
    0.4926    0.3226    0.3226
    0.4684    0.2903    0.2903
    0.4443    0.2581    0.2581
    0.4201    0.2258    0.2258
    0.3960    0.1935    0.1935
    0.3718    0.1613    0.1613
    0.3476    0.1290    0.1290
    0.3235    0.0968    0.0968
    0.2993    0.0645    0.0645
    0.2751    0.0323    0.0323
    0.2510         0         0  ];


