function cmp = intensemap;
% cmp = land(vargin);
% 

%	by GSA
%





X=[0.2510         0    0.2510
    0.2301         0    0.3134
    0.2092         0    0.3758
    0.1882         0    0.4382
    0.1673         0    0.5007
    0.1464         0    0.5631
    0.1255         0    0.6255
    0.1046         0    0.6879
    0.0837         0    0.7503
    0.0627         0    0.8127
    0.0418         0    0.8752
    0.0209         0    0.9376
         0         0    1.0000
    0.0500         0    0.9500
    0.1000         0    0.9000
    0.1500         0    0.8500
    0.2000         0    0.8000
    0.2500         0    0.7500
    0.3000         0    0.7000
    0.3500         0    0.6500
    0.4000         0    0.6000
    0.4500         0    0.5500
    0.5000         0    0.5000
    0.5500         0    0.4500
    0.6000         0    0.4000
    0.6500         0    0.3500
    0.7000         0    0.3000
    0.7500         0    0.2500
    0.8000         0    0.2000
    0.8500         0    0.1500
    0.9000         0    0.1000
    0.9500         0    0.0500
    1.0000         0         0
    1.0000    0.0435         0
    1.0000    0.0870         0
    1.0000    0.1304         0
    1.0000    0.1739         0
    1.0000    0.2174         0
    1.0000    0.2609         0
    1.0000    0.3043         0
    1.0000    0.3478         0
    1.0000    0.3913         0
    1.0000    0.4348         0
    1.0000    0.4783         0
    1.0000    0.5217         0
    1.0000    0.5652         0
    1.0000    0.6087         0
    1.0000    0.6522         0
    1.0000    0.6957         0
    1.0000    0.7391         0
    1.0000    0.7826         0
    1.0000    0.8261         0
    1.0000    0.8696         0
    1.0000    0.9130         0
    1.0000    0.9565         0
    1.0000    1.0000         0
    1.0000    1.0000    0.0853
    1.0000    1.0000    0.1706
    1.0000    1.0000    0.2559
    1.0000    1.0000    0.3412
    1.0000    1.0000    0.4265
    1.0000    1.0000    0.5118
    1.0000    1.0000    0.5971
    1.0000    1.0000    0.6824] ;


cmp = X;


