function cmp=redblue5
% cmp = land(vargin);
% 
%
% New Red Blue RGB matlab colormap 
% by Aurelie Moulin, July 2015

cmp=[      
    0.1529    0.2275    0.3725
    0.1784    0.2556    0.4072
    0.2039    0.2837    0.4418
    0.2294    0.3118    0.4765
    0.2549    0.3399    0.5111
    0.2804    0.3680    0.5458
    0.3059    0.3961    0.5804
    0.3229    0.4157    0.6013
    0.3399    0.4353    0.6222
    0.3569    0.4549    0.6431
    0.3739    0.4745    0.6641
    0.3908    0.4941    0.6850
    0.4078    0.5137    0.7059
    0.4480    0.5534    0.7373
    0.4882    0.5931    0.7686
    0.5284    0.6328    0.8000
    0.5686    0.6725    0.8314
    0.6088    0.7123    0.8627
    0.6490    0.7520    0.8941
    0.6892    0.7917    0.9255
    0.7294    0.8314    0.9569
    0.7496    0.8443    0.9602
    0.7697    0.8571    0.9636
    0.7899    0.8700    0.9669
    0.8101    0.8829    0.9703
    0.8303    0.8958    0.9737
    0.8504    0.9087    0.9770
    0.8706    0.9216    0.9804
    0.9029    0.9412    0.9853
    0.9353    0.9608    0.9902
    0.9676    0.9804    0.9951
    1.0000    1.0000    1.0000
    1.0000    1.0000    1.0000
    1.0000    0.9624    0.9624
    1.0000    0.9248    0.9248
    1.0000    0.8872    0.8872
    1.0000    0.8496    0.8496
    1.0000    0.8120    0.8120
    1.0000    0.7744    0.7744
    1.0000    0.7368    0.7368
    1.0000    0.6903    0.6903
    1.0000    0.6437    0.6437
    1.0000    0.5971    0.5971
    1.0000    0.5505    0.5505
    1.0000    0.5040    0.5040
    1.0000    0.4574    0.4574
    1.0000    0.4108    0.4108
    1.0000    0.3642    0.3642
    1.0000    0.3176    0.3176
    1.0000    0.2541    0.2541
    1.0000    0.1906    0.1906
    1.0000    0.1271    0.1271
    1.0000    0.0635    0.0635
    1.0000         0         0
    0.9600         0         0
    0.9200         0         0
    0.8800         0         0
    0.8400         0         0
    0.8000         0         0
    0.7600         0         0
    0.7200         0         0
    0.6800         0         0
    0.6400         0         0
    0.6000         0         0  ];


