function cmp=redblue4
% cmp = land(vargin);
% 
%
% New Red Blue RGB matlab colormap 
% by Aurelie Moulin, July 2015

cmp=[      
    0.1529    0.2275    0.3725
    0.1835    0.2612    0.4141
    0.2141    0.2949    0.4557
    0.2447    0.3286    0.4973
    0.2753    0.3624    0.5388
    0.3059    0.3961    0.5804
    0.3346    0.4222    0.5987
    0.3634    0.4484    0.6170
    0.3922    0.4745    0.6353
    0.4484    0.5340    0.6889
    0.5046    0.5935    0.7425
    0.5608    0.6529    0.7961
    0.6170    0.7124    0.8497
    0.6732    0.7719    0.9033
    0.7294    0.8314    0.9569
    0.7542    0.8471    0.9608
    0.7791    0.8627    0.9647
    0.8039    0.8784    0.9686
    0.8113    0.8832    0.9699
    0.8187    0.8880    0.9712
    0.8261    0.8928    0.9725
    0.8336    0.8976    0.9739
    0.8410    0.9024    0.9752
    0.8484    0.9072    0.9765
    0.8558    0.9120    0.9778
    0.8632    0.9168    0.9791
    0.8706    0.9216    0.9804
    0.8965    0.9373    0.9843
    0.9224    0.9529    0.9882
    0.9482    0.9686    0.9922
    0.9741    0.9843    0.9961
    1.0000    1.0000    1.0000
    1.0000    1.0000    1.0000
    0.9922    0.9784    0.9556
    0.9843    0.9569    0.9111
    0.9765    0.9353    0.8667
    0.9686    0.9137    0.8222
    0.9608    0.8922    0.7778
    0.9529    0.8706    0.7333
    0.9600    0.8369    0.5867
    0.9671    0.8031    0.4400
    0.9741    0.7694    0.2933
    0.9812    0.7357    0.1467
    0.9882    0.7020         0
    0.9897    0.6696         0
    0.9912    0.6373         0
    0.9926    0.6049         0
    0.9941    0.5725         0
    0.9956    0.5402         0
    0.9971    0.5078         0
    0.9985    0.4755         0
    1.0000    0.4431         0
    0.9804    0.3810    0.0011
    0.9608    0.3188    0.0022
    0.9412    0.2566    0.0034
    0.9216    0.1944    0.0045
    0.9020    0.1322    0.0056
    0.8824    0.0700    0.0067
    0.8627    0.0078    0.0078
    0.8102    0.0063    0.0063
    0.7576    0.0047    0.0047
    0.7051    0.0031    0.0031
    0.6525    0.0016    0.0016
    0.6000         0         0  ];


