function cmp=reliefCHINAsea;
% cmp = land(vargin);
% 

%	@(#)GMT_sealand.cpt	1.1  03/19/99
%
% Colortable for ocean and land with break at sealevel
% Designed by W.H.F. Smith, NOAA
% COLOR_MODEL = HSV

cmp=[    0         0         0
         0    0.0392    0.1961
         0    0.0654    0.2241
         0    0.0915    0.2521
         0    0.1176    0.2801
         0    0.1438    0.3081
         0    0.1699    0.3361
         0    0.1961    0.3641
         0    0.2222    0.3922
         0    0.2484    0.4202
         0    0.2745    0.4482
         0    0.3007    0.4762
         0    0.3268    0.5042
         0    0.3529    0.5322
         0    0.3791    0.5602
         0    0.4052    0.5882
         0    0.4314    0.6162
         0    0.4575    0.6443
         0    0.4837    0.6723
         0    0.5098    0.7003
         0    0.5359    0.7283
         0    0.5621    0.7563
         0    0.5882    0.7843
    0.0257    0.6021    0.7804
    0.0514    0.6160    0.7766
    0.0771    0.6299    0.7727
    0.1028    0.6438    0.7688
    0.1284    0.6577    0.7650
    0.1541    0.6716    0.7611
    0.1798    0.6855    0.7572
    0.2055    0.6993    0.7534
    0.2312    0.7132    0.7495
    0.2569    0.7271    0.7456
    0.2826    0.7410    0.7418
    0.3083    0.7549    0.7379
    0.3340    0.7688    0.7340
    0.3597    0.7827    0.7302
    0.3853    0.7966    0.7263
    0.4110    0.8105    0.7224
    0.4367    0.8243    0.7186
    0.4624    0.8382    0.7147
    0.4881    0.8521    0.7108
    0.5138    0.8660    0.7070
    0.5395    0.8799    0.7031
    0.5652    0.8938    0.6992
    0.5909    0.9077    0.6954
    0.6166    0.9216    0.6915
    0.6422    0.9355    0.6876
    0.6679    0.9493    0.6838
    0.6936    0.9632    0.6799
    0.7127    0.9657    0.7012
    0.7319    0.9681    0.7225
    0.7510    0.9706    0.7439
    0.7701    0.9730    0.7652
    0.7892    0.9755    0.7865
    0.8083    0.9779    0.8078
    0.8274    0.9804    0.8292
    0.8466    0.9828    0.8505
    0.8657    0.9853    0.8718
    0.8848    0.9877    0.8931
    0.9039    0.9902    0.9145
    0.9230    0.9926    0.9358
    0.9422    0.9951    0.9571
    0.9613    0.9975    0.9784];


