function cmp=reliefCHINAsea;
% cmp = land(vargin);
% 

%	@(#)GMT_sealand.cpt	1.1  03/19/99
%
% Colortable for ocean and land with break at sealevel
% Designed by W.H.F. Smith, NOAA
% COLOR_MODEL = HSV

cmp=[    0         0         0
         0    0.0392    0.1961
         0    0.0556    0.2136
         0    0.0719    0.2311
         0    0.0883    0.2486
         0    0.1046    0.2661
         0    0.1210    0.2837
         0    0.1373    0.3012
         0    0.1537    0.3187
         0    0.1700    0.3362
         0    0.1863    0.3537
         0    0.2027    0.3712
         0    0.2190    0.3888
         0    0.2354    0.4063
         0    0.2517    0.4238
         0    0.2694    0.4428
         0    0.2872    0.4617
         0    0.3049    0.4807
         0    0.3226    0.4997
         0    0.3403    0.5187
         0    0.3580    0.5376
         0    0.3757    0.5566
         0    0.3934    0.5756
         0    0.4111    0.5946
         0    0.4288    0.6135
         0    0.4466    0.6325
         0    0.4643    0.6515
         0    0.4820    0.6705
         0    0.4997    0.6894
         0    0.5174    0.7084
         0    0.5351    0.7274
         0    0.5528    0.7464
         0    0.5705    0.7653
         0    0.5882    0.7843
    0.0337    0.6069    0.7780
    0.0675    0.6255    0.7718
    0.1012    0.6441    0.7655
    0.1349    0.6627    0.7592
    0.1686    0.6814    0.7529
    0.2024    0.7000    0.7467
    0.2361    0.7186    0.7404
    0.2698    0.7373    0.7341
    0.3035    0.7559    0.7278
    0.3373    0.7745    0.7216
    0.3710    0.7931    0.7153
    0.4047    0.8118    0.7090
    0.4384    0.8304    0.7027
    0.4722    0.8490    0.6965
    0.5059    0.8676    0.6902
    0.5396    0.8863    0.6839
    0.5733    0.9049    0.6776
    0.6071    0.9235    0.6714
    0.6408    0.9422    0.6651
    0.6745    0.9608    0.6588
    0.8083    0.9779    0.8078
    0.9422    0.9951    0.9569
    0.8871    0.9021    0.8686
    0.8321    0.8091    0.7804
    0.7771    0.7161    0.6922
    0.7221    0.6230    0.6039
    0.6670    0.5300    0.5157
    0.6120    0.4370    0.4275
    0.5570    0.3440    0.3392
    0.5020    0.2510    0.2510];


