function cmp=redblue3
% cmp = land(vargin);
% 
%
% Useful for perturbations around zero
% Designed by A. Kelbert, 2007
% COLOR_MODEL = RGB

cmp=[
    1.0000    1.0000    1.0000
    1.0000    1.0000    0.9091
    1.0000    1.0000    0.8182
    1.0000    1.0000    0.7273
    1.0000    1.0000    0.6364
    1.0000    1.0000    0.5455
    1.0000    1.0000    0.4091
    1.0000    1.0000    0.2727
    1.0000    1.0000    0.1364
    1.0000    1.0000         0
    1.0000    0.9167         0
    1.0000    0.8333         0
    1.0000    0.7500         0
    1.0000    0.6667         0
    1.0000    0.5833         0
    1.0000    0.5000         0
    0.9962    0.4762         0
    0.9924    0.4524         0
    0.9886    0.4286         0
    0.9848    0.4048         0
    0.9810    0.3810         0
    0.9771    0.3571         0
    0.9676    0.2976         0
    0.9581    0.2381         0
    0.9486    0.1786         0
    0.9390    0.1190         0
    0.9295    0.0595         0
    0.9200         0         0
    0.8400         0         0
    0.7600         0         0
    0.6800         0         0
    0.6000         0         0  ];


