% ctd
cfg.ctdsn = '381';

% c1
cfg.c1sn = 3207;
cfg.c1cal.ghij = [-1.02440118e+1 1.37329289e+0 4.10284734e-4 4.42900124e-5]; 
cfg.c1cal.ctpcor = [3.2500e-6 -9.5700e-8];
cfg.c1date = '14-Jun-07';

% t1
cfg.t1sn = 2202;
cfg.t1cal.ghij = [4.35831294e-3 6.46242180e-4 2.36309522e-5 2.26841931e-6];
cfg.t1cal.f0 = 1000;
cfg.t1date = '12-JUN-2007';

% c2
cfg.c2sn = 2569;
cfg.c2cal.ghij = [-1.01400334e+1 1.53628050e+0 -8.76735010e-5 9.31219458e-5]; 
cfg.c2cal.ctpcor = [3.2500e-6 -9.5700e-8];
cfg.c2date = '11-Jul-07';

% t2
cfg.t2sn = 2309;
cfg.t2cal.ghij = [4.35692760e-3 6.43201459e-4 2.30147288e-5 2.07060450e-6];
cfg.t2cal.f0 = 1000;
cfg.t2date = '26-JUN-2007';

% p
cfg.psn = 58952;	
cfg.pcal.c = [-5.136241e+4 1.735987e-1 1.539643e-2];
cfg.pcal.d = [4.279265e-2 0.000000e+0];
cfg.pcal.t = [3.002186e+1 -2.995870e-4 4.395711e-6 -1.133428e-8 0.000000e+0];
cfg.pcal.AD590 = [1.14700e-2 -8.55248e+0];
cfg.pcal.linear = [1.0 0.0];
cfg.pdate = '20-JUN-2007';

% oxygen ***from PsaReport.txt not cal sheet
cfg.oxsn = 0875;
cfg.oxcal.soc = 4.8090e-001;
cfg.oxcal.boc = 0.0;
cfg.oxcal.tcor = 0.0009;
cfg.oxcal.pcor = 1.35e-004;
cfg.oxcal.voffset = -0.5165;
cfg.oxdate = '';
